/* 
    L'algorithme est à la page 48 de PHS1102_C06.pdf
    Initialiser le tableau V 
    (zéro à l’intérieur, valeurs appropriées aux frontières)
    */
    // array of 25 columns x 17 rows
    private double[][] electric_potentials = {
        { 0.2, 0.2, 0.2, 0.2, 0.2, 0.2, 0, 0, 0, 0, 0, 0, 0, 0, 0, 0, 0, 0, 0, 0.2, 0.2, 0.2, 0.2, 0.2, 0.2 }, 
        {   0,   0,   0,   0,   0,   0, 0, 0, 0, 0, 0, 0, 0, 0, 0, 0, 0, 0, 0,   0,   0,   0,   0,   0,   0 },
        {   0,   0,   0,   0,   0,   0, 0, 0, 0, 0, 0, 0, 0, 0, 0, 0, 0, 0, 0,   0,   0,   0,   0,   0,   0 },
        {   0,   0,   0,   0,   0,   0, 0, 0, 0, 0, 0, 0, 0, 0, 0, 0, 0, 0, 0,   0,   0,   0,   0,   0,   0 },
        {   0,   0,   0,   0,   0,   0, 0, 0, 0, 0, 0, 0, 0, 0, 0, 0, 0, 0, 0,   0,   0,   0,   0,   0,   0 },
        {   0,   0,   0,   0,   0,   0, 0, 0, 0, 0, 0, 0, 0, 0, 0, 0, 0, 0, 0,   0,   0,   0,   0,   0,   0 },
        {   0,   0,   0,   0,   0,   0, 0, 0, 0, 0, 0, 0, 0, 0, 0, 0, 0, 0, 0,   0,   0,   0,   0,   0,   0 },
        {   0,   0,   0,   0,   0,   0, 0, 0, 0, 0, 0, 0, 0, 0, 0, 0, 0, 0, 0,   0,   0,   0,   0,   0,   0 },
        {   0,   0,   0,   0,   0,   0, 0, 0, 0, 0, 0, 0, 0, 0, 0, 0, 0, 0, 0,   0,   0,   0,   0,   0,   0 },
        {   0,   0,   0,   0,   0,   0, 0, 0, 0, 0, 0, 0, 0, 0, 0, 0, 0, 0, 0,   0,   0,   0,   0,   0,   0 },
        {   0,   0,   0,   0,   0,   0, 0, 0, 0, 0, 0, 0, 0, 0, 0, 0, 0, 0, 0,   0,   0,   0,   0,   0,   0 },
        {   0,   0,   0,   0,   0,   0, 0, 0, 0, 0, 0, 0, 0, 0, 0, 0, 0, 0, 0,   0,   0,   0,   0,   0,   0 },
        {   0,   0,   0,   0,   0,   0, 0, 0, 0, 0, 0, 0, 0, 0, 0, 0, 0, 0, 0,   0,   0,   0,   0,   0,   0 },
        {   0,   0,   0,   0,   0,   0, 0, 0, 0, 0, 0, 0, 0, 0, 0, 0, 0, 0, 0,   0,   0,   0,   0,   0,   0 },
        {   0,   0,   0,   0,   0,   0, 0, 0, 0, 0, 0, 0, 0, 0, 0, 0, 0, 0, 0,   0,   0,   0,   0,   0,   0 },
        {   0,   0,   0,   0,   0,   0, 0, 0, 0, 0, 0, 0, 0, 0, 0, 0, 0, 0, 0,   0,   0,   0,   0,   0,   0 },
        {   0,   0,   0,   0,   0,   0, 0, 0, 0, 0, 0, 0, 0, 0, 0, 0, 0, 0, 0,   0,   0,   0,   0,   0,   0 }
    };